{
 "cells": [
  {
   "cell_type": "code",
   "execution_count": 1,
   "metadata": {},
   "outputs": [],
   "source": [
    "import torch"
   ]
  },
  {
   "cell_type": "code",
   "execution_count": 2,
   "metadata": {},
   "outputs": [
    {
     "data": {
      "text/plain": [
       "tensor([[6, 6, 5, 8, 4, 7],\n",
       "        [3, 9, 5, 2, 0, 0],\n",
       "        [2, 2, 6, 7, 3, 9],\n",
       "        [4, 7, 9, 2, 8, 5]])"
      ]
     },
     "execution_count": 2,
     "metadata": {},
     "output_type": "execute_result"
    }
   ],
   "source": [
    "scores = torch.randint(0, 10, (4, 6))\n",
    "scores"
   ]
  },
  {
   "cell_type": "code",
   "execution_count": 7,
   "metadata": {},
   "outputs": [],
   "source": [
    "scale_scores = scores/scores.sum(dim=1,keepdim=True)"
   ]
  },
  {
   "cell_type": "code",
   "execution_count": 14,
   "metadata": {},
   "outputs": [
    {
     "data": {
      "text/plain": [
       "tensor([[0.1667, 0.1667, 0.1389, 0.2222, 0.1111, 0.1944],\n",
       "        [0.1579, 0.4737, 0.2632, 0.1053, 0.0000, 0.0000],\n",
       "        [0.0690, 0.0690, 0.2069, 0.2414, 0.1034, 0.3103],\n",
       "        [0.1143, 0.2000, 0.2571, 0.0571, 0.2286, 0.1429]])"
      ]
     },
     "execution_count": 14,
     "metadata": {},
     "output_type": "execute_result"
    }
   ],
   "source": [
    "scale_scores"
   ]
  },
  {
   "cell_type": "code",
   "execution_count": 13,
   "metadata": {},
   "outputs": [
    {
     "data": {
      "text/plain": [
       "tensor([0.1270, 0.2273, 0.2165, 0.1565, 0.1108, 0.1619])"
      ]
     },
     "execution_count": 13,
     "metadata": {},
     "output_type": "execute_result"
    }
   ],
   "source": [
    "(scale_scores.sum(dim=0)/4)"
   ]
  },
  {
   "cell_type": "code",
   "execution_count": null,
   "metadata": {},
   "outputs": [],
   "source": []
  }
 ],
 "metadata": {
  "kernelspec": {
   "display_name": "kaggle",
   "language": "python",
   "name": "python3"
  },
  "language_info": {
   "codemirror_mode": {
    "name": "ipython",
    "version": 3
   },
   "file_extension": ".py",
   "mimetype": "text/x-python",
   "name": "python",
   "nbconvert_exporter": "python",
   "pygments_lexer": "ipython3",
   "version": "3.10.0"
  },
  "orig_nbformat": 4
 },
 "nbformat": 4,
 "nbformat_minor": 2
}
